{
 "cells": [
  {
   "cell_type": "code",
   "execution_count": 26,
   "metadata": {},
   "outputs": [],
   "source": [
    "import pandas as pd\n",
    "import matplotlib.pyplot as plt\n",
    "import matplotlib.cm\n",
    "import numpy as np\n",
    "from numpy import linalg, mean, dot\n",
    "from sklearn import tree\n",
    "from sklearn.preprocessing import MinMaxScaler\n",
    "from sklearn.decomposition import PCA\n",
    "from sklearn.metrics import accuracy_score, classification_report, confusion_matrix\n",
    "from sklearn.model_selection import train_test_split\n"
   ]
  },
  {
   "cell_type": "code",
   "execution_count": 27,
   "metadata": {},
   "outputs": [],
   "source": [
    "with open(\"../collect-data/src/files/nba_data.xlsx\", \"rb\") as file:\n",
    "    nba_stats_df = pd.read_excel(file, sheet_name=\"NBA Stats\")\n",
    "    mvp_df = pd.read_excel(file, sheet_name=\"MVP\")"
   ]
  },
  {
   "cell_type": "code",
   "execution_count": 28,
   "metadata": {},
   "outputs": [],
   "source": [
    "mvp_df[\"MVP?\"] = 1\n",
    "nba_stats_df[\"MVP?\"] = 0"
   ]
  },
  {
   "cell_type": "code",
   "execution_count": 29,
   "metadata": {},
   "outputs": [
    {
     "name": "stdout",
     "output_type": "stream",
     "text": [
      "MVP?\n",
      "0    1017\n",
      "1     213\n",
      "Name: count, dtype: int64\n"
     ]
    }
   ],
   "source": [
    "mvp_dict = mvp_df.to_dict(\"index\")\n",
    "nba_stats_dict = nba_stats_df.to_dict(\"index\")\n",
    "mvp_rank_dict = dict()\n",
    "\n",
    "for k in mvp_dict:\n",
    "    f_name = mvp_dict[k][\"FIRST NAME\"]\n",
    "    l_name = mvp_dict[k][\"LAST NAME\"]\n",
    "    team = mvp_dict[k][\"TEAM\"]\n",
    "    season = mvp_dict[k][\"SEASON\"]\n",
    "    # Filter down dataset\n",
    "    for i in list(nba_stats_dict):\n",
    "        if nba_stats_dict[i][\"FIRST NAME\"] == f_name and nba_stats_dict[i][\"LAST NAME\"] == l_name and nba_stats_dict[i][\"TEAM\"] == team and nba_stats_dict[i][\"SEASON\"] == season:\n",
    "            nba_stats_dict[i][\"MVP?\"] = 1\n",
    "            mvp_rank_dict[nba_stats_dict[i][\"SEASON\"]] = nba_stats_dict[i][\"RANK\"]\n",
    "            nba_stats_dict[i + 1000] = nba_stats_dict[i]\n",
    "\n",
    "for season in mvp_rank_dict:\n",
    "    rank = mvp_rank_dict[season]\n",
    "    if rank > 15:\n",
    "        max_rank = rank\n",
    "    else:\n",
    "        max_rank = 15\n",
    "    for j in list(nba_stats_dict):\n",
    "        if nba_stats_dict[j][\"SEASON\"] == season and nba_stats_dict[j][\"RANK\"] > max_rank:\n",
    "            nba_stats_dict.pop(j)\n",
    "\n",
    "nba_stats_df = pd.DataFrame.from_dict(nba_stats_dict, orient=\"index\")\n",
    "print(nba_stats_df[\"MVP?\"].value_counts())\n"
   ]
  },
  {
   "cell_type": "code",
   "execution_count": 30,
   "metadata": {},
   "outputs": [
    {
     "name": "stdout",
     "output_type": "stream",
     "text": [
      "Empty DataFrame\n",
      "Columns: [RANK, FIRST NAME, LAST NAME, SUFFIX, TEAM, AGE, GP, W, L, MIN, PTS, FGM, FGA, FG%, 3PM, 3PA, 3P%, FTM, FTA, FT%, OREB, DREB, REB, AST, TOV, STL, BLK, PF, FP, DD2, TD3, +/-, SEASON, MVP?]\n",
      "Index: []\n",
      "\n",
      "[0 rows x 34 columns]\n"
     ]
    }
   ],
   "source": [
    "\n",
    "print(nba_stats_df[nba_stats_df[\"MVP?\"] == \"mvp\"])"
   ]
  },
  {
   "cell_type": "code",
   "execution_count": 31,
   "metadata": {},
   "outputs": [],
   "source": [
    "model_df = nba_stats_df[['FIRST NAME', 'LAST NAME', 'SUFFIX', 'TEAM', 'AGE', 'SEASON', 'MVP?']]"
   ]
  },
  {
   "cell_type": "code",
   "execution_count": 32,
   "metadata": {},
   "outputs": [
    {
     "data": {
      "text/html": [
       "<div>\n",
       "<style scoped>\n",
       "    .dataframe tbody tr th:only-of-type {\n",
       "        vertical-align: middle;\n",
       "    }\n",
       "\n",
       "    .dataframe tbody tr th {\n",
       "        vertical-align: top;\n",
       "    }\n",
       "\n",
       "    .dataframe thead th {\n",
       "        text-align: right;\n",
       "    }\n",
       "</style>\n",
       "<table border=\"1\" class=\"dataframe\">\n",
       "  <thead>\n",
       "    <tr style=\"text-align: right;\">\n",
       "      <th></th>\n",
       "      <th>RANK</th>\n",
       "      <th>FIRST NAME</th>\n",
       "      <th>LAST NAME</th>\n",
       "      <th>SUFFIX</th>\n",
       "      <th>TEAM</th>\n",
       "      <th>AGE</th>\n",
       "      <th>GP</th>\n",
       "      <th>W</th>\n",
       "      <th>L</th>\n",
       "      <th>MIN</th>\n",
       "      <th>...</th>\n",
       "      <th>TOV</th>\n",
       "      <th>STL</th>\n",
       "      <th>BLK</th>\n",
       "      <th>PF</th>\n",
       "      <th>FP</th>\n",
       "      <th>DD2</th>\n",
       "      <th>TD3</th>\n",
       "      <th>+/-</th>\n",
       "      <th>SEASON</th>\n",
       "      <th>MVP?</th>\n",
       "    </tr>\n",
       "  </thead>\n",
       "  <tbody>\n",
       "    <tr>\n",
       "      <th>0</th>\n",
       "      <td>1</td>\n",
       "      <td>Luka</td>\n",
       "      <td>Doncic</td>\n",
       "      <td>NaN</td>\n",
       "      <td>DAL</td>\n",
       "      <td>25</td>\n",
       "      <td>70</td>\n",
       "      <td>46</td>\n",
       "      <td>24.0</td>\n",
       "      <td>2624.0</td>\n",
       "      <td>...</td>\n",
       "      <td>282</td>\n",
       "      <td>99</td>\n",
       "      <td>38</td>\n",
       "      <td>149</td>\n",
       "      <td>4304</td>\n",
       "      <td>49</td>\n",
       "      <td>21</td>\n",
       "      <td>319</td>\n",
       "      <td>2023-24</td>\n",
       "      <td>0</td>\n",
       "    </tr>\n",
       "    <tr>\n",
       "      <th>1</th>\n",
       "      <td>2</td>\n",
       "      <td>Shai</td>\n",
       "      <td>Gilgeous-Alexander</td>\n",
       "      <td>NaN</td>\n",
       "      <td>OKC</td>\n",
       "      <td>25</td>\n",
       "      <td>75</td>\n",
       "      <td>55</td>\n",
       "      <td>20.0</td>\n",
       "      <td>2552.7</td>\n",
       "      <td>...</td>\n",
       "      <td>162</td>\n",
       "      <td>150</td>\n",
       "      <td>67</td>\n",
       "      <td>184</td>\n",
       "      <td>3939</td>\n",
       "      <td>8</td>\n",
       "      <td>0</td>\n",
       "      <td>613</td>\n",
       "      <td>2023-24</td>\n",
       "      <td>0</td>\n",
       "    </tr>\n",
       "    <tr>\n",
       "      <th>2</th>\n",
       "      <td>3</td>\n",
       "      <td>Giannis</td>\n",
       "      <td>Antetokounmpo</td>\n",
       "      <td>NaN</td>\n",
       "      <td>MIL</td>\n",
       "      <td>29</td>\n",
       "      <td>73</td>\n",
       "      <td>45</td>\n",
       "      <td>28.0</td>\n",
       "      <td>2567.2</td>\n",
       "      <td>...</td>\n",
       "      <td>250</td>\n",
       "      <td>87</td>\n",
       "      <td>79</td>\n",
       "      <td>210</td>\n",
       "      <td>4193</td>\n",
       "      <td>57</td>\n",
       "      <td>10</td>\n",
       "      <td>339</td>\n",
       "      <td>2023-24</td>\n",
       "      <td>0</td>\n",
       "    </tr>\n",
       "    <tr>\n",
       "      <th>3</th>\n",
       "      <td>4</td>\n",
       "      <td>Jalen</td>\n",
       "      <td>Brunson</td>\n",
       "      <td>NaN</td>\n",
       "      <td>NYK</td>\n",
       "      <td>27</td>\n",
       "      <td>77</td>\n",
       "      <td>49</td>\n",
       "      <td>28.0</td>\n",
       "      <td>2726.3</td>\n",
       "      <td>...</td>\n",
       "      <td>186</td>\n",
       "      <td>70</td>\n",
       "      <td>13</td>\n",
       "      <td>144</td>\n",
       "      <td>3387</td>\n",
       "      <td>9</td>\n",
       "      <td>0</td>\n",
       "      <td>512</td>\n",
       "      <td>2023-24</td>\n",
       "      <td>0</td>\n",
       "    </tr>\n",
       "    <tr>\n",
       "      <th>4</th>\n",
       "      <td>5</td>\n",
       "      <td>Nikola</td>\n",
       "      <td>Jokic</td>\n",
       "      <td>NaN</td>\n",
       "      <td>DEN</td>\n",
       "      <td>29</td>\n",
       "      <td>79</td>\n",
       "      <td>55</td>\n",
       "      <td>24.0</td>\n",
       "      <td>2736.5</td>\n",
       "      <td>...</td>\n",
       "      <td>237</td>\n",
       "      <td>108</td>\n",
       "      <td>68</td>\n",
       "      <td>194</td>\n",
       "      <td>4609</td>\n",
       "      <td>68</td>\n",
       "      <td>25</td>\n",
       "      <td>682</td>\n",
       "      <td>2023-24</td>\n",
       "      <td>0</td>\n",
       "    </tr>\n",
       "  </tbody>\n",
       "</table>\n",
       "<p>5 rows × 34 columns</p>\n",
       "</div>"
      ],
      "text/plain": [
       "   RANK FIRST NAME           LAST NAME SUFFIX TEAM  AGE  GP   W     L     MIN  \\\n",
       "0     1       Luka              Doncic    NaN  DAL   25  70  46  24.0  2624.0   \n",
       "1     2       Shai  Gilgeous-Alexander    NaN  OKC   25  75  55  20.0  2552.7   \n",
       "2     3    Giannis       Antetokounmpo    NaN  MIL   29  73  45  28.0  2567.2   \n",
       "3     4      Jalen             Brunson    NaN  NYK   27  77  49  28.0  2726.3   \n",
       "4     5     Nikola               Jokic    NaN  DEN   29  79  55  24.0  2736.5   \n",
       "\n",
       "   ...  TOV  STL  BLK   PF    FP  DD2  TD3  +/-   SEASON  MVP?  \n",
       "0  ...  282   99   38  149  4304   49   21  319  2023-24     0  \n",
       "1  ...  162  150   67  184  3939    8    0  613  2023-24     0  \n",
       "2  ...  250   87   79  210  4193   57   10  339  2023-24     0  \n",
       "3  ...  186   70   13  144  3387    9    0  512  2023-24     0  \n",
       "4  ...  237  108   68  194  4609   68   25  682  2023-24     0  \n",
       "\n",
       "[5 rows x 34 columns]"
      ]
     },
     "execution_count": 32,
     "metadata": {},
     "output_type": "execute_result"
    }
   ],
   "source": [
    "nba_stats_df.head()"
   ]
  },
  {
   "cell_type": "code",
   "execution_count": 33,
   "metadata": {},
   "outputs": [
    {
     "data": {
      "text/plain": [
       "RANK           object\n",
       "FIRST NAME     object\n",
       "LAST NAME      object\n",
       "SUFFIX         object\n",
       "TEAM           object\n",
       "AGE             int64\n",
       "GP              int64\n",
       "W               int64\n",
       "L             float64\n",
       "MIN           float64\n",
       "PTS             int64\n",
       "FGM             int64\n",
       "FGA           float64\n",
       "FG%           float64\n",
       "3PM             int64\n",
       "3PA           float64\n",
       "3P%           float64\n",
       "FTM             int64\n",
       "FTA           float64\n",
       "FT%           float64\n",
       "OREB            int64\n",
       "DREB            int64\n",
       "REB             int64\n",
       "AST             int64\n",
       "TOV             int64\n",
       "STL             int64\n",
       "BLK             int64\n",
       "PF              int64\n",
       "FP              int64\n",
       "DD2             int64\n",
       "TD3             int64\n",
       "+/-            object\n",
       "SEASON         object\n",
       "MVP?            int64\n",
       "dtype: object"
      ]
     },
     "execution_count": 33,
     "metadata": {},
     "output_type": "execute_result"
    }
   ],
   "source": [
    "nba_stats_df = nba_stats_df.astype({\"RANK\": \"object\"})\n",
    "nba_stats_df.dtypes"
   ]
  },
  {
   "cell_type": "code",
   "execution_count": 34,
   "metadata": {},
   "outputs": [],
   "source": [
    "nba_stats_df[\"+/-\"] = nba_stats_df[\"+/-\"].apply(lambda x: int(x) if len(x) < 5 else 0)"
   ]
  },
  {
   "cell_type": "code",
   "execution_count": 35,
   "metadata": {},
   "outputs": [
    {
     "name": "stdout",
     "output_type": "stream",
     "text": [
      "                  RANK FIRST NAME           LAST NAME SUFFIX TEAM  \\\n",
      "0      (0.438, 38.467]       Luka              Doncic    NaN  DAL   \n",
      "1      (0.438, 38.467]       Shai  Gilgeous-Alexander    NaN  OKC   \n",
      "2      (0.438, 38.467]    Giannis       Antetokounmpo    NaN  MIL   \n",
      "3      (0.438, 38.467]      Jalen             Brunson    NaN  NYK   \n",
      "4      (0.438, 38.467]     Nikola               Jokic    NaN  DEN   \n",
      "...                ...        ...                 ...    ...  ...   \n",
      "13792  (0.438, 38.467]    Giannis       Antetokounmpo    NaN  MIL   \n",
      "14260  (0.438, 38.467]    Giannis       Antetokounmpo    NaN  MIL   \n",
      "13719  (0.438, 38.467]     Nikola               Jokic    NaN  DEN   \n",
      "14116  (0.438, 38.467]     Nikola               Jokic    NaN  DEN   \n",
      "13574  (0.438, 38.467]       Joel              Embiid    NaN  PHI   \n",
      "\n",
      "                AGE  GP   W     L     MIN  ...  TOV  STL  BLK   PF    FP  DD2  \\\n",
      "0      (17.2, 33.4]  70  46  24.0  2624.0  ...  282   99   38  149  4304   49   \n",
      "1      (17.2, 33.4]  75  55  20.0  2552.7  ...  162  150   67  184  3939    8   \n",
      "2      (17.2, 33.4]  73  45  28.0  2567.2  ...  250   87   79  210  4193   57   \n",
      "3      (17.2, 33.4]  77  49  28.0  2726.3  ...  186   70   13  144  3387    9   \n",
      "4      (17.2, 33.4]  79  55  24.0  2736.5  ...  237  108   68  194  4609   68   \n",
      "...             ...  ..  ..   ...     ...  ...  ...  ...  ...  ...   ...  ...   \n",
      "13792  (17.2, 33.4]  72  56  16.0  2358.2  ...  268   92  110  232  4046   54   \n",
      "14260  (17.2, 33.4]  63  51  12.0  1916.9  ...  230   61   66  195  3566   56   \n",
      "13719  (17.2, 33.4]  72  47  25.0  2487.8  ...  222   95   48  192  3940   60   \n",
      "14116  (17.2, 33.4]  74  46  28.0  2475.6  ...  281  109   63  191  4338   66   \n",
      "13574  (17.2, 33.4]  66  43  23.0  2284.1  ...  226   66  112  205  3706   39   \n",
      "\n",
      "       TD3             +/-   SEASON  MVP?  \n",
      "0       21  (194.5, 360.0]  2023-24     0  \n",
      "1        0  (525.5, 691.0]  2023-24     0  \n",
      "2       10  (194.5, 360.0]  2023-24     0  \n",
      "3        0  (360.0, 525.5]  2023-24     0  \n",
      "4       25  (525.5, 691.0]  2023-24     0  \n",
      "...    ...             ...      ...   ...  \n",
      "13792    5  (525.5, 691.0]  2018-19     1  \n",
      "14260    4  (525.5, 691.0]  2019-20     1  \n",
      "13719   16  (360.0, 525.5]  2020-21     1  \n",
      "14116   19  (360.0, 525.5]  2021-22     1  \n",
      "13574    1  (360.0, 525.5]  2022-23     1  \n",
      "\n",
      "[1230 rows x 34 columns]\n"
     ]
    }
   ],
   "source": [
    "# Bin the rankings together\n",
    "nba_stats_df[\"RANK\"] = pd.cut(nba_stats_df[\"RANK\"], 15)\n",
    "nba_stats_df[\"AGE\"] = pd.cut(nba_stats_df[\"AGE\"], 5)\n",
    "nba_stats_df[\"+/-\"] = pd.cut(nba_stats_df[\"+/-\"], 10)\n",
    "print(nba_stats_df)"
   ]
  },
  {
   "cell_type": "code",
   "execution_count": 36,
   "metadata": {},
   "outputs": [
    {
     "name": "stdout",
     "output_type": "stream",
     "text": [
      "                  RANK FIRST NAME           LAST NAME SUFFIX TEAM  \\\n",
      "0      (0.438, 38.467]       Luka              Doncic    NaN  DAL   \n",
      "1      (0.438, 38.467]       Shai  Gilgeous-Alexander    NaN  OKC   \n",
      "2      (0.438, 38.467]    Giannis       Antetokounmpo    NaN  MIL   \n",
      "3      (0.438, 38.467]      Jalen             Brunson    NaN  NYK   \n",
      "4      (0.438, 38.467]     Nikola               Jokic    NaN  DEN   \n",
      "...                ...        ...                 ...    ...  ...   \n",
      "13792  (0.438, 38.467]    Giannis       Antetokounmpo    NaN  MIL   \n",
      "14260  (0.438, 38.467]    Giannis       Antetokounmpo    NaN  MIL   \n",
      "13719  (0.438, 38.467]     Nikola               Jokic    NaN  DEN   \n",
      "14116  (0.438, 38.467]     Nikola               Jokic    NaN  DEN   \n",
      "13574  (0.438, 38.467]       Joel              Embiid    NaN  PHI   \n",
      "\n",
      "                AGE  GP   W     L     MIN  ...  TOV  STL  BLK   PF    FP  DD2  \\\n",
      "0      (17.2, 33.4]  70  46  24.0  2624.0  ...  282   99   38  149  4304   49   \n",
      "1      (17.2, 33.4]  75  55  20.0  2552.7  ...  162  150   67  184  3939    8   \n",
      "2      (17.2, 33.4]  73  45  28.0  2567.2  ...  250   87   79  210  4193   57   \n",
      "3      (17.2, 33.4]  77  49  28.0  2726.3  ...  186   70   13  144  3387    9   \n",
      "4      (17.2, 33.4]  79  55  24.0  2736.5  ...  237  108   68  194  4609   68   \n",
      "...             ...  ..  ..   ...     ...  ...  ...  ...  ...  ...   ...  ...   \n",
      "13792  (17.2, 33.4]  72  56  16.0  2358.2  ...  268   92  110  232  4046   54   \n",
      "14260  (17.2, 33.4]  63  51  12.0  1916.9  ...  230   61   66  195  3566   56   \n",
      "13719  (17.2, 33.4]  72  47  25.0  2487.8  ...  222   95   48  192  3940   60   \n",
      "14116  (17.2, 33.4]  74  46  28.0  2475.6  ...  281  109   63  191  4338   66   \n",
      "13574  (17.2, 33.4]  66  43  23.0  2284.1  ...  226   66  112  205  3706   39   \n",
      "\n",
      "       TD3             +/-   SEASON  MVP?  \n",
      "0       21  (194.5, 360.0]  2023-24     0  \n",
      "1        0  (525.5, 691.0]  2023-24     0  \n",
      "2       10  (194.5, 360.0]  2023-24     0  \n",
      "3        0  (360.0, 525.5]  2023-24     0  \n",
      "4       25  (525.5, 691.0]  2023-24     0  \n",
      "...    ...             ...      ...   ...  \n",
      "13792    5  (525.5, 691.0]  2018-19     1  \n",
      "14260    4  (525.5, 691.0]  2019-20     1  \n",
      "13719   16  (360.0, 525.5]  2020-21     1  \n",
      "14116   19  (360.0, 525.5]  2021-22     1  \n",
      "13574    1  (360.0, 525.5]  2022-23     1  \n",
      "\n",
      "[1230 rows x 34 columns]\n"
     ]
    }
   ],
   "source": [
    "# rank_enc = pd.get_dummies(nba_stats_df[\"RANK\"], dtype=float)\n",
    "# nba_stats_df = pd.concat([nba_stats_df, rank_enc], axis=1)\n",
    "\n",
    "# age_enc = pd.get_dummies(nba_stats_df[\"AGE\"], dtype=float)\n",
    "# nba_stats_df = pd.concat([nba_stats_df, age_enc], axis=1)\n",
    "\n",
    "# plus_minus_enc = pd.get_dummies(nba_stats_df[\"+/-\"], dtype=float)\n",
    "# nba_stats_df = pd.concat([nba_stats_df, plus_minus_enc], axis=1)\n",
    "\n",
    "# season_enc = pd.get_dummies(nba_stats_df[\"SEASON\"], dtype=float)\n",
    "# nba_stats_df = pd.concat([nba_stats_df, season_enc], axis=1)\n",
    "\n",
    "# team_enc = pd.get_dummies(nba_stats_df[\"TEAM\"], dtype=float)\n",
    "# nba_stats_df = pd.concat([nba_stats_df, team_enc], axis=1)\n",
    "\n",
    "print(nba_stats_df)\n"
   ]
  },
  {
   "cell_type": "code",
   "execution_count": 37,
   "metadata": {},
   "outputs": [
    {
     "name": "stdout",
     "output_type": "stream",
     "text": [
      "(573, 34)\n",
      "(657, 34)\n"
     ]
    }
   ],
   "source": [
    "current_season_df = nba_stats_df[nba_stats_df[\"SEASON\"] == \"2023-24\"]\n",
    "nba_stats_df = nba_stats_df[nba_stats_df[\"SEASON\"] != \"2023-24\"]\n",
    "print(current_season_df.shape)\n",
    "print(nba_stats_df.shape)"
   ]
  },
  {
   "cell_type": "code",
   "execution_count": 38,
   "metadata": {},
   "outputs": [],
   "source": [
    "# Change season to int\n",
    "seasons_list = nba_stats_df[\"SEASON\"].dropna().unique()\n",
    "season_dict = { None: 1 }\n",
    "for i in range(len(seasons_list)):\n",
    "    season = seasons_list[i]\n",
    "    season_dict[season] = i + 1\n",
    "\n",
    "nba_stats_df = nba_stats_df.replace({ \"SEASON\": season_dict })"
   ]
  },
  {
   "cell_type": "code",
   "execution_count": 39,
   "metadata": {},
   "outputs": [
    {
     "data": {
      "text/html": [
       "<div>\n",
       "<style scoped>\n",
       "    .dataframe tbody tr th:only-of-type {\n",
       "        vertical-align: middle;\n",
       "    }\n",
       "\n",
       "    .dataframe tbody tr th {\n",
       "        vertical-align: top;\n",
       "    }\n",
       "\n",
       "    .dataframe thead th {\n",
       "        text-align: right;\n",
       "    }\n",
       "</style>\n",
       "<table border=\"1\" class=\"dataframe\">\n",
       "  <thead>\n",
       "    <tr style=\"text-align: right;\">\n",
       "      <th></th>\n",
       "      <th>GP</th>\n",
       "      <th>W</th>\n",
       "      <th>L</th>\n",
       "      <th>FG%</th>\n",
       "      <th>3PM</th>\n",
       "      <th>3PA</th>\n",
       "      <th>3P%</th>\n",
       "      <th>FTM</th>\n",
       "      <th>FTA</th>\n",
       "      <th>FT%</th>\n",
       "      <th>AST</th>\n",
       "      <th>TOV</th>\n",
       "      <th>STL</th>\n",
       "      <th>BLK</th>\n",
       "      <th>PF</th>\n",
       "      <th>DD2</th>\n",
       "      <th>TD3</th>\n",
       "      <th>SEASON</th>\n",
       "      <th>MVP?</th>\n",
       "    </tr>\n",
       "  </thead>\n",
       "  <tbody>\n",
       "    <tr>\n",
       "      <th>GP</th>\n",
       "      <td>1.000000</td>\n",
       "      <td>0.461886</td>\n",
       "      <td>-0.488243</td>\n",
       "      <td>0.491618</td>\n",
       "      <td>0.252776</td>\n",
       "      <td>0.254868</td>\n",
       "      <td>-0.351250</td>\n",
       "      <td>0.287905</td>\n",
       "      <td>0.351517</td>\n",
       "      <td>0.007593</td>\n",
       "      <td>0.329269</td>\n",
       "      <td>0.459444</td>\n",
       "      <td>0.394018</td>\n",
       "      <td>-0.152970</td>\n",
       "      <td>-0.418339</td>\n",
       "      <td>0.158178</td>\n",
       "      <td>-0.278432</td>\n",
       "      <td>0.322292</td>\n",
       "      <td>0.070837</td>\n",
       "    </tr>\n",
       "    <tr>\n",
       "      <th>W</th>\n",
       "      <td>0.461886</td>\n",
       "      <td>1.000000</td>\n",
       "      <td>-0.208538</td>\n",
       "      <td>0.383912</td>\n",
       "      <td>0.260530</td>\n",
       "      <td>0.227079</td>\n",
       "      <td>-0.099151</td>\n",
       "      <td>0.287718</td>\n",
       "      <td>0.308374</td>\n",
       "      <td>0.086640</td>\n",
       "      <td>0.378224</td>\n",
       "      <td>0.334030</td>\n",
       "      <td>0.294450</td>\n",
       "      <td>0.094699</td>\n",
       "      <td>-0.167375</td>\n",
       "      <td>0.277809</td>\n",
       "      <td>-0.194850</td>\n",
       "      <td>0.011253</td>\n",
       "      <td>0.538671</td>\n",
       "    </tr>\n",
       "    <tr>\n",
       "      <th>L</th>\n",
       "      <td>-0.488243</td>\n",
       "      <td>-0.208538</td>\n",
       "      <td>1.000000</td>\n",
       "      <td>-0.755017</td>\n",
       "      <td>-0.182910</td>\n",
       "      <td>-0.201428</td>\n",
       "      <td>0.899595</td>\n",
       "      <td>-0.134333</td>\n",
       "      <td>-0.361082</td>\n",
       "      <td>0.541582</td>\n",
       "      <td>-0.211657</td>\n",
       "      <td>-0.321096</td>\n",
       "      <td>-0.166779</td>\n",
       "      <td>0.400808</td>\n",
       "      <td>0.980282</td>\n",
       "      <td>-0.199054</td>\n",
       "      <td>0.697648</td>\n",
       "      <td>-0.210094</td>\n",
       "      <td>-0.122700</td>\n",
       "    </tr>\n",
       "    <tr>\n",
       "      <th>FG%</th>\n",
       "      <td>0.491618</td>\n",
       "      <td>0.383912</td>\n",
       "      <td>-0.755017</td>\n",
       "      <td>1.000000</td>\n",
       "      <td>-0.006815</td>\n",
       "      <td>-0.009624</td>\n",
       "      <td>-0.678202</td>\n",
       "      <td>0.202542</td>\n",
       "      <td>0.423534</td>\n",
       "      <td>-0.309405</td>\n",
       "      <td>0.195902</td>\n",
       "      <td>0.334644</td>\n",
       "      <td>0.079499</td>\n",
       "      <td>-0.057785</td>\n",
       "      <td>-0.701671</td>\n",
       "      <td>0.483477</td>\n",
       "      <td>-0.529061</td>\n",
       "      <td>0.062045</td>\n",
       "      <td>0.326333</td>\n",
       "    </tr>\n",
       "    <tr>\n",
       "      <th>3PM</th>\n",
       "      <td>0.252776</td>\n",
       "      <td>0.260530</td>\n",
       "      <td>-0.182910</td>\n",
       "      <td>-0.006815</td>\n",
       "      <td>1.000000</td>\n",
       "      <td>0.984420</td>\n",
       "      <td>0.081821</td>\n",
       "      <td>0.101654</td>\n",
       "      <td>-0.010518</td>\n",
       "      <td>0.267119</td>\n",
       "      <td>0.438249</td>\n",
       "      <td>0.330619</td>\n",
       "      <td>0.404511</td>\n",
       "      <td>-0.513372</td>\n",
       "      <td>-0.216286</td>\n",
       "      <td>-0.256129</td>\n",
       "      <td>-0.104369</td>\n",
       "      <td>-0.290355</td>\n",
       "      <td>0.142051</td>\n",
       "    </tr>\n",
       "    <tr>\n",
       "      <th>3PA</th>\n",
       "      <td>0.254868</td>\n",
       "      <td>0.227079</td>\n",
       "      <td>-0.201428</td>\n",
       "      <td>-0.009624</td>\n",
       "      <td>0.984420</td>\n",
       "      <td>1.000000</td>\n",
       "      <td>0.055935</td>\n",
       "      <td>0.162711</td>\n",
       "      <td>0.057622</td>\n",
       "      <td>0.237538</td>\n",
       "      <td>0.473986</td>\n",
       "      <td>0.390116</td>\n",
       "      <td>0.422620</td>\n",
       "      <td>-0.531190</td>\n",
       "      <td>-0.234455</td>\n",
       "      <td>-0.241657</td>\n",
       "      <td>-0.107584</td>\n",
       "      <td>-0.313895</td>\n",
       "      <td>0.134419</td>\n",
       "    </tr>\n",
       "    <tr>\n",
       "      <th>3P%</th>\n",
       "      <td>-0.351250</td>\n",
       "      <td>-0.099151</td>\n",
       "      <td>0.899595</td>\n",
       "      <td>-0.678202</td>\n",
       "      <td>0.081821</td>\n",
       "      <td>0.055935</td>\n",
       "      <td>1.000000</td>\n",
       "      <td>-0.099858</td>\n",
       "      <td>-0.378443</td>\n",
       "      <td>0.683247</td>\n",
       "      <td>-0.041017</td>\n",
       "      <td>-0.232002</td>\n",
       "      <td>-0.024380</td>\n",
       "      <td>0.194678</td>\n",
       "      <td>0.871708</td>\n",
       "      <td>-0.272270</td>\n",
       "      <td>0.659356</td>\n",
       "      <td>-0.282950</td>\n",
       "      <td>-0.051349</td>\n",
       "    </tr>\n",
       "    <tr>\n",
       "      <th>FTM</th>\n",
       "      <td>0.287905</td>\n",
       "      <td>0.287718</td>\n",
       "      <td>-0.134333</td>\n",
       "      <td>0.202542</td>\n",
       "      <td>0.101654</td>\n",
       "      <td>0.162711</td>\n",
       "      <td>-0.099858</td>\n",
       "      <td>1.000000</td>\n",
       "      <td>0.920200</td>\n",
       "      <td>0.118597</td>\n",
       "      <td>0.238773</td>\n",
       "      <td>0.578897</td>\n",
       "      <td>0.247622</td>\n",
       "      <td>0.106601</td>\n",
       "      <td>-0.092430</td>\n",
       "      <td>0.197126</td>\n",
       "      <td>-0.052993</td>\n",
       "      <td>-0.060972</td>\n",
       "      <td>0.324681</td>\n",
       "    </tr>\n",
       "    <tr>\n",
       "      <th>FTA</th>\n",
       "      <td>0.351517</td>\n",
       "      <td>0.308374</td>\n",
       "      <td>-0.361082</td>\n",
       "      <td>0.423534</td>\n",
       "      <td>-0.010518</td>\n",
       "      <td>0.057622</td>\n",
       "      <td>-0.378443</td>\n",
       "      <td>0.920200</td>\n",
       "      <td>1.000000</td>\n",
       "      <td>-0.206177</td>\n",
       "      <td>0.204052</td>\n",
       "      <td>0.600514</td>\n",
       "      <td>0.213278</td>\n",
       "      <td>0.140494</td>\n",
       "      <td>-0.303118</td>\n",
       "      <td>0.328682</td>\n",
       "      <td>-0.213373</td>\n",
       "      <td>0.055642</td>\n",
       "      <td>0.313873</td>\n",
       "    </tr>\n",
       "    <tr>\n",
       "      <th>FT%</th>\n",
       "      <td>0.007593</td>\n",
       "      <td>0.086640</td>\n",
       "      <td>0.541582</td>\n",
       "      <td>-0.309405</td>\n",
       "      <td>0.267119</td>\n",
       "      <td>0.237538</td>\n",
       "      <td>0.683247</td>\n",
       "      <td>0.118597</td>\n",
       "      <td>-0.206177</td>\n",
       "      <td>1.000000</td>\n",
       "      <td>0.116660</td>\n",
       "      <td>-0.013795</td>\n",
       "      <td>0.108944</td>\n",
       "      <td>-0.006254</td>\n",
       "      <td>0.519670</td>\n",
       "      <td>-0.240078</td>\n",
       "      <td>0.250598</td>\n",
       "      <td>-0.189127</td>\n",
       "      <td>0.021651</td>\n",
       "    </tr>\n",
       "    <tr>\n",
       "      <th>AST</th>\n",
       "      <td>0.329269</td>\n",
       "      <td>0.378224</td>\n",
       "      <td>-0.211657</td>\n",
       "      <td>0.195902</td>\n",
       "      <td>0.438249</td>\n",
       "      <td>0.473986</td>\n",
       "      <td>-0.041017</td>\n",
       "      <td>0.238773</td>\n",
       "      <td>0.204052</td>\n",
       "      <td>0.116660</td>\n",
       "      <td>1.000000</td>\n",
       "      <td>0.710200</td>\n",
       "      <td>0.496017</td>\n",
       "      <td>-0.370951</td>\n",
       "      <td>-0.242115</td>\n",
       "      <td>0.273715</td>\n",
       "      <td>-0.053159</td>\n",
       "      <td>-0.177077</td>\n",
       "      <td>0.445115</td>\n",
       "    </tr>\n",
       "    <tr>\n",
       "      <th>TOV</th>\n",
       "      <td>0.459444</td>\n",
       "      <td>0.334030</td>\n",
       "      <td>-0.321096</td>\n",
       "      <td>0.334644</td>\n",
       "      <td>0.330619</td>\n",
       "      <td>0.390116</td>\n",
       "      <td>-0.232002</td>\n",
       "      <td>0.578897</td>\n",
       "      <td>0.600514</td>\n",
       "      <td>-0.013795</td>\n",
       "      <td>0.710200</td>\n",
       "      <td>1.000000</td>\n",
       "      <td>0.453572</td>\n",
       "      <td>-0.147654</td>\n",
       "      <td>-0.282944</td>\n",
       "      <td>0.374025</td>\n",
       "      <td>-0.138363</td>\n",
       "      <td>-0.060785</td>\n",
       "      <td>0.401905</td>\n",
       "    </tr>\n",
       "    <tr>\n",
       "      <th>STL</th>\n",
       "      <td>0.394018</td>\n",
       "      <td>0.294450</td>\n",
       "      <td>-0.166779</td>\n",
       "      <td>0.079499</td>\n",
       "      <td>0.404511</td>\n",
       "      <td>0.422620</td>\n",
       "      <td>-0.024380</td>\n",
       "      <td>0.247622</td>\n",
       "      <td>0.213278</td>\n",
       "      <td>0.108944</td>\n",
       "      <td>0.496017</td>\n",
       "      <td>0.453572</td>\n",
       "      <td>1.000000</td>\n",
       "      <td>-0.297912</td>\n",
       "      <td>-0.160932</td>\n",
       "      <td>-0.054586</td>\n",
       "      <td>-0.092802</td>\n",
       "      <td>0.128985</td>\n",
       "      <td>0.169959</td>\n",
       "    </tr>\n",
       "    <tr>\n",
       "      <th>BLK</th>\n",
       "      <td>-0.152970</td>\n",
       "      <td>0.094699</td>\n",
       "      <td>0.400808</td>\n",
       "      <td>-0.057785</td>\n",
       "      <td>-0.513372</td>\n",
       "      <td>-0.531190</td>\n",
       "      <td>0.194678</td>\n",
       "      <td>0.106601</td>\n",
       "      <td>0.140494</td>\n",
       "      <td>-0.006254</td>\n",
       "      <td>-0.370951</td>\n",
       "      <td>-0.147654</td>\n",
       "      <td>-0.297912</td>\n",
       "      <td>1.000000</td>\n",
       "      <td>0.464484</td>\n",
       "      <td>0.409971</td>\n",
       "      <td>0.254111</td>\n",
       "      <td>0.035326</td>\n",
       "      <td>0.081546</td>\n",
       "    </tr>\n",
       "    <tr>\n",
       "      <th>PF</th>\n",
       "      <td>-0.418339</td>\n",
       "      <td>-0.167375</td>\n",
       "      <td>0.980282</td>\n",
       "      <td>-0.701671</td>\n",
       "      <td>-0.216286</td>\n",
       "      <td>-0.234455</td>\n",
       "      <td>0.871708</td>\n",
       "      <td>-0.092430</td>\n",
       "      <td>-0.303118</td>\n",
       "      <td>0.519670</td>\n",
       "      <td>-0.242115</td>\n",
       "      <td>-0.282944</td>\n",
       "      <td>-0.160932</td>\n",
       "      <td>0.464484</td>\n",
       "      <td>1.000000</td>\n",
       "      <td>-0.133115</td>\n",
       "      <td>0.689966</td>\n",
       "      <td>-0.180153</td>\n",
       "      <td>-0.123719</td>\n",
       "    </tr>\n",
       "    <tr>\n",
       "      <th>DD2</th>\n",
       "      <td>0.158178</td>\n",
       "      <td>0.277809</td>\n",
       "      <td>-0.199054</td>\n",
       "      <td>0.483477</td>\n",
       "      <td>-0.256129</td>\n",
       "      <td>-0.241657</td>\n",
       "      <td>-0.272270</td>\n",
       "      <td>0.197126</td>\n",
       "      <td>0.328682</td>\n",
       "      <td>-0.240078</td>\n",
       "      <td>0.273715</td>\n",
       "      <td>0.374025</td>\n",
       "      <td>-0.054586</td>\n",
       "      <td>0.409971</td>\n",
       "      <td>-0.133115</td>\n",
       "      <td>1.000000</td>\n",
       "      <td>-0.040452</td>\n",
       "      <td>-0.121488</td>\n",
       "      <td>0.469326</td>\n",
       "    </tr>\n",
       "    <tr>\n",
       "      <th>TD3</th>\n",
       "      <td>-0.278432</td>\n",
       "      <td>-0.194850</td>\n",
       "      <td>0.697648</td>\n",
       "      <td>-0.529061</td>\n",
       "      <td>-0.104369</td>\n",
       "      <td>-0.107584</td>\n",
       "      <td>0.659356</td>\n",
       "      <td>-0.052993</td>\n",
       "      <td>-0.213373</td>\n",
       "      <td>0.250598</td>\n",
       "      <td>-0.053159</td>\n",
       "      <td>-0.138363</td>\n",
       "      <td>-0.092802</td>\n",
       "      <td>0.254111</td>\n",
       "      <td>0.689966</td>\n",
       "      <td>-0.040452</td>\n",
       "      <td>1.000000</td>\n",
       "      <td>-0.226192</td>\n",
       "      <td>0.003339</td>\n",
       "    </tr>\n",
       "    <tr>\n",
       "      <th>SEASON</th>\n",
       "      <td>0.322292</td>\n",
       "      <td>0.011253</td>\n",
       "      <td>-0.210094</td>\n",
       "      <td>0.062045</td>\n",
       "      <td>-0.290355</td>\n",
       "      <td>-0.313895</td>\n",
       "      <td>-0.282950</td>\n",
       "      <td>-0.060972</td>\n",
       "      <td>0.055642</td>\n",
       "      <td>-0.189127</td>\n",
       "      <td>-0.177077</td>\n",
       "      <td>-0.060785</td>\n",
       "      <td>0.128985</td>\n",
       "      <td>0.035326</td>\n",
       "      <td>-0.180153</td>\n",
       "      <td>-0.121488</td>\n",
       "      <td>-0.226192</td>\n",
       "      <td>1.000000</td>\n",
       "      <td>-0.225569</td>\n",
       "    </tr>\n",
       "    <tr>\n",
       "      <th>MVP?</th>\n",
       "      <td>0.070837</td>\n",
       "      <td>0.538671</td>\n",
       "      <td>-0.122700</td>\n",
       "      <td>0.326333</td>\n",
       "      <td>0.142051</td>\n",
       "      <td>0.134419</td>\n",
       "      <td>-0.051349</td>\n",
       "      <td>0.324681</td>\n",
       "      <td>0.313873</td>\n",
       "      <td>0.021651</td>\n",
       "      <td>0.445115</td>\n",
       "      <td>0.401905</td>\n",
       "      <td>0.169959</td>\n",
       "      <td>0.081546</td>\n",
       "      <td>-0.123719</td>\n",
       "      <td>0.469326</td>\n",
       "      <td>0.003339</td>\n",
       "      <td>-0.225569</td>\n",
       "      <td>1.000000</td>\n",
       "    </tr>\n",
       "  </tbody>\n",
       "</table>\n",
       "</div>"
      ],
      "text/plain": [
       "              GP         W         L       FG%       3PM       3PA       3P%  \\\n",
       "GP      1.000000  0.461886 -0.488243  0.491618  0.252776  0.254868 -0.351250   \n",
       "W       0.461886  1.000000 -0.208538  0.383912  0.260530  0.227079 -0.099151   \n",
       "L      -0.488243 -0.208538  1.000000 -0.755017 -0.182910 -0.201428  0.899595   \n",
       "FG%     0.491618  0.383912 -0.755017  1.000000 -0.006815 -0.009624 -0.678202   \n",
       "3PM     0.252776  0.260530 -0.182910 -0.006815  1.000000  0.984420  0.081821   \n",
       "3PA     0.254868  0.227079 -0.201428 -0.009624  0.984420  1.000000  0.055935   \n",
       "3P%    -0.351250 -0.099151  0.899595 -0.678202  0.081821  0.055935  1.000000   \n",
       "FTM     0.287905  0.287718 -0.134333  0.202542  0.101654  0.162711 -0.099858   \n",
       "FTA     0.351517  0.308374 -0.361082  0.423534 -0.010518  0.057622 -0.378443   \n",
       "FT%     0.007593  0.086640  0.541582 -0.309405  0.267119  0.237538  0.683247   \n",
       "AST     0.329269  0.378224 -0.211657  0.195902  0.438249  0.473986 -0.041017   \n",
       "TOV     0.459444  0.334030 -0.321096  0.334644  0.330619  0.390116 -0.232002   \n",
       "STL     0.394018  0.294450 -0.166779  0.079499  0.404511  0.422620 -0.024380   \n",
       "BLK    -0.152970  0.094699  0.400808 -0.057785 -0.513372 -0.531190  0.194678   \n",
       "PF     -0.418339 -0.167375  0.980282 -0.701671 -0.216286 -0.234455  0.871708   \n",
       "DD2     0.158178  0.277809 -0.199054  0.483477 -0.256129 -0.241657 -0.272270   \n",
       "TD3    -0.278432 -0.194850  0.697648 -0.529061 -0.104369 -0.107584  0.659356   \n",
       "SEASON  0.322292  0.011253 -0.210094  0.062045 -0.290355 -0.313895 -0.282950   \n",
       "MVP?    0.070837  0.538671 -0.122700  0.326333  0.142051  0.134419 -0.051349   \n",
       "\n",
       "             FTM       FTA       FT%       AST       TOV       STL       BLK  \\\n",
       "GP      0.287905  0.351517  0.007593  0.329269  0.459444  0.394018 -0.152970   \n",
       "W       0.287718  0.308374  0.086640  0.378224  0.334030  0.294450  0.094699   \n",
       "L      -0.134333 -0.361082  0.541582 -0.211657 -0.321096 -0.166779  0.400808   \n",
       "FG%     0.202542  0.423534 -0.309405  0.195902  0.334644  0.079499 -0.057785   \n",
       "3PM     0.101654 -0.010518  0.267119  0.438249  0.330619  0.404511 -0.513372   \n",
       "3PA     0.162711  0.057622  0.237538  0.473986  0.390116  0.422620 -0.531190   \n",
       "3P%    -0.099858 -0.378443  0.683247 -0.041017 -0.232002 -0.024380  0.194678   \n",
       "FTM     1.000000  0.920200  0.118597  0.238773  0.578897  0.247622  0.106601   \n",
       "FTA     0.920200  1.000000 -0.206177  0.204052  0.600514  0.213278  0.140494   \n",
       "FT%     0.118597 -0.206177  1.000000  0.116660 -0.013795  0.108944 -0.006254   \n",
       "AST     0.238773  0.204052  0.116660  1.000000  0.710200  0.496017 -0.370951   \n",
       "TOV     0.578897  0.600514 -0.013795  0.710200  1.000000  0.453572 -0.147654   \n",
       "STL     0.247622  0.213278  0.108944  0.496017  0.453572  1.000000 -0.297912   \n",
       "BLK     0.106601  0.140494 -0.006254 -0.370951 -0.147654 -0.297912  1.000000   \n",
       "PF     -0.092430 -0.303118  0.519670 -0.242115 -0.282944 -0.160932  0.464484   \n",
       "DD2     0.197126  0.328682 -0.240078  0.273715  0.374025 -0.054586  0.409971   \n",
       "TD3    -0.052993 -0.213373  0.250598 -0.053159 -0.138363 -0.092802  0.254111   \n",
       "SEASON -0.060972  0.055642 -0.189127 -0.177077 -0.060785  0.128985  0.035326   \n",
       "MVP?    0.324681  0.313873  0.021651  0.445115  0.401905  0.169959  0.081546   \n",
       "\n",
       "              PF       DD2       TD3    SEASON      MVP?  \n",
       "GP     -0.418339  0.158178 -0.278432  0.322292  0.070837  \n",
       "W      -0.167375  0.277809 -0.194850  0.011253  0.538671  \n",
       "L       0.980282 -0.199054  0.697648 -0.210094 -0.122700  \n",
       "FG%    -0.701671  0.483477 -0.529061  0.062045  0.326333  \n",
       "3PM    -0.216286 -0.256129 -0.104369 -0.290355  0.142051  \n",
       "3PA    -0.234455 -0.241657 -0.107584 -0.313895  0.134419  \n",
