{
 "cells": [
  {
   "cell_type": "code",
   "execution_count": 1,
   "metadata": {},
   "outputs": [],
   "source": [
    "import pandas as pd\n",
    "import matplotlib.pyplot as plt\n",
    "import matplotlib.cm\n",
    "import numpy as np\n",
    "from numpy import linalg, mean, dot\n",
    "from sklearn import tree\n",
    "from sklearn.preprocessing import MinMaxScaler\n",
    "from sklearn.decomposition import PCA\n",
    "from sklearn.metrics import accuracy_score, classification_report, confusion_matrix\n",
    "from sklearn.model_selection import train_test_split\n"
   ]
  },
  {
   "cell_type": "code",
   "execution_count": 2,
   "metadata": {},
   "outputs": [],
   "source": [
    "with open(\"../collect-data/src/files/nba_data.xlsx\", \"rb\") as file:\n",
    "    nba_stats_df = pd.read_excel(file, sheet_name=\"NBA Stats\")\n",
    "    mvp_df = pd.read_excel(file, sheet_name=\"MVP\")"
   ]
  },
  {
   "cell_type": "code",
   "execution_count": 3,
   "metadata": {},
   "outputs": [],
   "source": [
    "mvp_df[\"MVP?\"] = 1\n",
    "nba_stats_df[\"MVP?\"] = 0"
   ]
  },
  {
   "cell_type": "code",
   "execution_count": 4,
   "metadata": {},
   "outputs": [
    {
     "name": "stdout",
     "output_type": "stream",
     "text": [
      "MVP?\n",
      "0    1020\n",
      "1     135\n",
      "Name: count, dtype: int64\n"
     ]
    }
   ],
   "source": [
    "mvp_dict = mvp_df.to_dict(\"index\")\n",
    "nba_stats_dict = nba_stats_df.to_dict(\"index\")\n",
    "duplicate_mvps_dict = dict()\n",
    "mvp_rank_dict = dict()\n",
    "\n",
    "for k in mvp_dict:\n",
    "    f_name = mvp_dict[k][\"FIRST NAME\"]\n",
    "    l_name = mvp_dict[k][\"LAST NAME\"]\n",
    "    team = mvp_dict[k][\"TEAM\"]\n",
    "    season = mvp_dict[k][\"SEASON\"]\n",
    "    # Filter down dataset\n",
    "    for i in list(nba_stats_dict):\n",
    "        if nba_stats_dict[i][\"FIRST NAME\"] == f_name and nba_stats_dict[i][\"LAST NAME\"] == l_name and nba_stats_dict[i][\"TEAM\"] == team and nba_stats_dict[i][\"SEASON\"] == season:\n",
    "            nba_stats_dict[i][\"MVP?\"] = 1\n",
    "            mvp_rank_dict[nba_stats_dict[i][\"SEASON\"]] = nba_stats_dict[i][\"RANK\"]\n",
    "            duplicate_mvps_dict[i + 1000] = nba_stats_dict[i]\n",
    "            duplicate_mvps_dict[i + 1001] = nba_stats_dict[i]\n",
    "            duplicate_mvps_dict[i + 1002] = nba_stats_dict[i]\n",
    "            duplicate_mvps_dict[i + 1003] = nba_stats_dict[i]\n",
    "\n",
    "nba_stats_dict.update(duplicate_mvps_dict)\n",
    "\n",
    "for season in mvp_rank_dict:\n",
    "    rank = mvp_rank_dict[season]\n",
    "    if rank > 15:\n",
    "        max_rank = rank\n",
    "    else:\n",
    "        max_rank = 15\n",
    "    for j in list(nba_stats_dict):\n",
    "        if nba_stats_dict[j][\"SEASON\"] == season and nba_stats_dict[j][\"RANK\"] > max_rank:\n",
    "            nba_stats_dict.pop(j)\n",
    "\n",
    "nba_stats_df = pd.DataFrame.from_dict(nba_stats_dict, orient=\"index\")\n",
    "print(nba_stats_df[\"MVP?\"].value_counts())\n"
   ]
  },
  {
   "cell_type": "code",
   "execution_count": 5,
   "metadata": {},
   "outputs": [
    {
     "name": "stdout",
     "output_type": "stream",
     "text": [
      "Empty DataFrame\n",
      "Columns: [RANK, FIRST NAME, LAST NAME, SUFFIX, TEAM, AGE, GP, W, L, MIN, PTS, FGM, FGA, FG%, 3PM, 3PA, 3P%, FTM, FTA, FT%, OREB, DREB, REB, AST, TOV, STL, BLK, PF, FP, DD2, TD3, +/-, SEASON, MVP?]\n",
      "Index: []\n",
      "\n",
      "[0 rows x 34 columns]\n"
     ]
    }
   ],
   "source": [
    "\n",
    "print(nba_stats_df[nba_stats_df[\"MVP?\"] == \"mvp\"])"
   ]
  },
  {
   "cell_type": "code",
   "execution_count": 6,
   "metadata": {},
   "outputs": [],
   "source": [
    "model_df = nba_stats_df[['FIRST NAME', 'LAST NAME', 'SUFFIX', 'TEAM', 'AGE', 'SEASON', 'MVP?']]"
   ]
  },
  {
   "cell_type": "code",
   "execution_count": 7,
   "metadata": {},
   "outputs": [
    {
     "data": {
      "text/html": [
       "<div>\n",
       "<style scoped>\n",
       "    .dataframe tbody tr th:only-of-type {\n",
       "        vertical-align: middle;\n",
       "    }\n",
       "\n",
       "    .dataframe tbody tr th {\n",
       "        vertical-align: top;\n",
       "    }\n",
       "\n",
       "    .dataframe thead th {\n",
       "        text-align: right;\n",
       "    }\n",
       "</style>\n",
       "<table border=\"1\" class=\"dataframe\">\n",
       "  <thead>\n",
       "    <tr style=\"text-align: right;\">\n",
       "      <th></th>\n",
       "      <th>RANK</th>\n",
       "      <th>FIRST NAME</th>\n",
       "      <th>LAST NAME</th>\n",
       "      <th>SUFFIX</th>\n",
       "      <th>TEAM</th>\n",
       "      <th>AGE</th>\n",
       "      <th>GP</th>\n",
       "      <th>W</th>\n",
       "      <th>L</th>\n",
       "      <th>MIN</th>\n",
       "      <th>...</th>\n",
       "      <th>TOV</th>\n",
       "      <th>STL</th>\n",
       "      <th>BLK</th>\n",
       "      <th>PF</th>\n",
       "      <th>FP</th>\n",
       "      <th>DD2</th>\n",
       "      <th>TD3</th>\n",
       "      <th>+/-</th>\n",
       "      <th>SEASON</th>\n",
       "      <th>MVP?</th>\n",
       "    </tr>\n",
       "  </thead>\n",
       "  <tbody>\n",
       "    <tr>\n",
       "      <th>0</th>\n",
       "      <td>1</td>\n",
       "      <td>Luka</td>\n",
       "      <td>Doncic</td>\n",
       "      <td>NaN</td>\n",
       "      <td>DAL</td>\n",
       "      <td>25</td>\n",
       "      <td>70</td>\n",
       "      <td>46</td>\n",
       "      <td>24.0</td>\n",
       "      <td>2624.0</td>\n",
       "      <td>...</td>\n",
       "      <td>282</td>\n",
       "      <td>99</td>\n",
       "      <td>38</td>\n",
       "      <td>149</td>\n",
       "      <td>4304</td>\n",
       "      <td>49</td>\n",
       "      <td>21</td>\n",
       "      <td>319</td>\n",
       "      <td>2023-24</td>\n",
       "      <td>0</td>\n",
       "    </tr>\n",
       "    <tr>\n",
       "      <th>1</th>\n",
       "      <td>2</td>\n",
       "      <td>Shai</td>\n",
       "      <td>Gilgeous-Alexander</td>\n",
       "      <td>NaN</td>\n",
       "      <td>OKC</td>\n",
       "      <td>25</td>\n",
       "      <td>75</td>\n",
       "      <td>55</td>\n",
       "      <td>20.0</td>\n",
       "      <td>2552.7</td>\n",
       "      <td>...</td>\n",
       "      <td>162</td>\n",
       "      <td>150</td>\n",
       "      <td>67</td>\n",
       "      <td>184</td>\n",
       "      <td>3939</td>\n",
       "      <td>8</td>\n",
       "      <td>0</td>\n",
       "      <td>613</td>\n",
       "      <td>2023-24</td>\n",
       "      <td>0</td>\n",
       "    </tr>\n",
       "    <tr>\n",
       "      <th>2</th>\n",
       "      <td>3</td>\n",
       "      <td>Giannis</td>\n",
       "      <td>Antetokounmpo</td>\n",
       "      <td>NaN</td>\n",
       "      <td>MIL</td>\n",
       "      <td>29</td>\n",
       "      <td>73</td>\n",
       "      <td>45</td>\n",
       "      <td>28.0</td>\n",
       "      <td>2567.2</td>\n",
       "      <td>...</td>\n",
       "      <td>250</td>\n",
       "      <td>87</td>\n",
       "      <td>79</td>\n",
       "      <td>210</td>\n",
       "      <td>4193</td>\n",
       "      <td>57</td>\n",
       "      <td>10</td>\n",
       "      <td>339</td>\n",
       "      <td>2023-24</td>\n",
       "      <td>0</td>\n",
       "    </tr>\n",
       "    <tr>\n",
       "      <th>3</th>\n",
       "      <td>4</td>\n",
       "      <td>Jalen</td>\n",
       "      <td>Brunson</td>\n",
       "      <td>NaN</td>\n",
       "      <td>NYK</td>\n",
       "      <td>27</td>\n",
       "      <td>77</td>\n",
       "      <td>49</td>\n",
       "      <td>28.0</td>\n",
       "      <td>2726.3</td>\n",
       "      <td>...</td>\n",
       "      <td>186</td>\n",
       "      <td>70</td>\n",
       "      <td>13</td>\n",
       "      <td>144</td>\n",
       "      <td>3387</td>\n",
       "      <td>9</td>\n",
       "      <td>0</td>\n",
       "      <td>512</td>\n",
       "      <td>2023-24</td>\n",
       "      <td>0</td>\n",
       "    </tr>\n",
       "    <tr>\n",
       "      <th>4</th>\n",
       "      <td>5</td>\n",
       "      <td>Nikola</td>\n",
       "      <td>Jokic</td>\n",
       "      <td>NaN</td>\n",
       "      <td>DEN</td>\n",
       "      <td>29</td>\n",
       "      <td>79</td>\n",
       "      <td>55</td>\n",
       "      <td>24.0</td>\n",
       "      <td>2736.5</td>\n",
       "      <td>...</td>\n",
       "      <td>237</td>\n",
       "      <td>108</td>\n",
       "      <td>68</td>\n",
       "      <td>194</td>\n",
       "      <td>4609</td>\n",
       "      <td>68</td>\n",
       "      <td>25</td>\n",
       "      <td>682</td>\n",
       "      <td>2023-24</td>\n",
       "      <td>0</td>\n",
       "    </tr>\n",
       "  </tbody>\n",
       "</table>\n",
       "<p>5 rows × 34 columns</p>\n",
       "</div>"
      ],
      "text/plain": [
       "   RANK FIRST NAME           LAST NAME SUFFIX TEAM  AGE  GP   W     L     MIN  \\\n",
       "0     1       Luka              Doncic    NaN  DAL   25  70  46  24.0  2624.0   \n",
       "1     2       Shai  Gilgeous-Alexander    NaN  OKC   25  75  55  20.0  2552.7   \n",
       "2     3    Giannis       Antetokounmpo    NaN  MIL   29  73  45  28.0  2567.2   \n",
       "3     4      Jalen             Brunson    NaN  NYK   27  77  49  28.0  2726.3   \n",
       "4     5     Nikola               Jokic    NaN  DEN   29  79  55  24.0  2736.5   \n",
       "\n",
       "   ...  TOV  STL  BLK   PF    FP  DD2  TD3  +/-   SEASON  MVP?  \n",
       "0  ...  282   99   38  149  4304   49   21  319  2023-24     0  \n",
       "1  ...  162  150   67  184  3939    8    0  613  2023-24     0  \n",
       "2  ...  250   87   79  210  4193   57   10  339  2023-24     0  \n",
       "3  ...  186   70   13  144  3387    9    0  512  2023-24     0  \n",
       "4  ...  237  108   68  194  4609   68   25  682  2023-24     0  \n",
       "\n",
       "[5 rows x 34 columns]"
      ]
     },
     "execution_count": 7,
     "metadata": {},
     "output_type": "execute_result"
    }
   ],
   "source": [
    "nba_stats_df.head()"
   ]
  },
  {
   "cell_type": "code",
   "execution_count": 8,
   "metadata": {},
   "outputs": [
    {
     "data": {
      "text/plain": [
       "RANK           object\n",
       "FIRST NAME     object\n",
       "LAST NAME      object\n",
       "SUFFIX         object\n",
       "TEAM           object\n",
       "AGE             int64\n",
       "GP              int64\n",
       "W               int64\n",
       "L             float64\n",
       "MIN           float64\n",
       "PTS             int64\n",
       "FGM             int64\n",
       "FGA           float64\n",
       "FG%           float64\n",
       "3PM             int64\n",
       "3PA           float64\n",
       "3P%           float64\n",
       "FTM             int64\n",
       "FTA           float64\n",
       "FT%           float64\n",
       "OREB            int64\n",
       "DREB            int64\n",
       "REB             int64\n",
       "AST             int64\n",
       "TOV             int64\n",
       "STL             int64\n",
       "BLK             int64\n",
       "PF              int64\n",
       "FP              int64\n",
       "DD2             int64\n",
       "TD3             int64\n",
       "+/-            object\n",
       "SEASON         object\n",
       "MVP?            int64\n",
       "dtype: object"
      ]
     },
     "execution_count": 8,
     "metadata": {},
     "output_type": "execute_result"
    }
   ],
   "source": [
    "nba_stats_df = nba_stats_df.astype({\"RANK\": \"object\"})\n",
    "nba_stats_df.dtypes"
   ]
  },
  {
   "cell_type": "code",
   "execution_count": 9,
   "metadata": {},
   "outputs": [],
   "source": [
    "nba_stats_df[\"+/-\"] = nba_stats_df[\"+/-\"].apply(lambda x: int(x) if len(x) < 5 else 0)"
   ]
  },
  {
   "cell_type": "code",
   "execution_count": 10,
   "metadata": {},
   "outputs": [
    {
     "name": "stdout",
     "output_type": "stream",
     "text": [
      "                  RANK FIRST NAME           LAST NAME SUFFIX TEAM  \\\n",
      "0      (0.438, 38.467]       Luka              Doncic    NaN  DAL   \n",
      "1      (0.438, 38.467]       Shai  Gilgeous-Alexander    NaN  OKC   \n",
      "2      (0.438, 38.467]    Giannis       Antetokounmpo    NaN  MIL   \n",
      "3      (0.438, 38.467]      Jalen             Brunson    NaN  NYK   \n",
      "4      (0.438, 38.467]     Nikola               Jokic    NaN  DEN   \n",
      "...                ...        ...                 ...    ...  ...   \n",
      "13982  (0.438, 38.467]       Karl              Malone    NaN  UTA   \n",
      "13539  (0.438, 38.467]    Michael              Jordan    NaN  CHI   \n",
      "13540  (0.438, 38.467]    Michael              Jordan    NaN  CHI   \n",
      "13541  (0.438, 38.467]    Michael              Jordan    NaN  CHI   \n",
      "13542  (0.438, 38.467]    Michael              Jordan    NaN  CHI   \n",
      "\n",
      "                AGE  GP   W     L     MIN  ...  TOV  STL  BLK   PF    FP  DD2  \\\n",
      "0      (17.2, 33.4]  70  46  24.0  2624.0  ...  282   99   38  149  4304   49   \n",
      "1      (17.2, 33.4]  75  55  20.0  2552.7  ...  162  150   67  184  3939    8   \n",
      "2      (17.2, 33.4]  73  45  28.0  2567.2  ...  250   87   79  210  4193   57   \n",
      "3      (17.2, 33.4]  77  49  28.0  2726.3  ...  186   70   13  144  3387    9   \n",
      "4      (17.2, 33.4]  79  55  24.0  2736.5  ...  237  108   68  194  4609   68   \n",
      "...             ...  ..  ..   ...     ...  ...  ...  ...  ...  ...   ...  ...   \n",
      "13982  (17.2, 33.4]  82  64  18.0  2997.7  ...  233  113   48  216  4022   43   \n",
      "13539  (33.4, 49.6]  82  62  20.0  3182.4  ...  185  141   45  151  3725    5   \n",
      "13540  (33.4, 49.6]  82  62  20.0  3182.4  ...  185  141   45  151  3725    5   \n",
      "13541  (33.4, 49.6]  82  62  20.0  3182.4  ...  185  141   45  151  3725    5   \n",
      "13542  (33.4, 49.6]  82  62  20.0  3182.4  ...  185  141   45  151  3725    5   \n",
      "\n",
      "       TD3             +/-   SEASON  MVP?  \n",
      "0       21  (194.5, 360.0]  2023-24     0  \n",
      "1        0  (525.5, 691.0]  2023-24     0  \n",
      "2       10  (194.5, 360.0]  2023-24     0  \n",
      "3        0  (360.0, 525.5]  2023-24     0  \n",
      "4       25  (525.5, 691.0]  2023-24     0  \n",
      "...    ...             ...      ...   ...  \n",
      "13982    1  (691.0, 856.5]  1996-97     1  \n",
      "13539    0  (525.5, 691.0]  1997-98     1  \n",
      "13540    0  (525.5, 691.0]  1997-98     1  \n",
      "13541    0  (525.5, 691.0]  1997-98     1  \n",
      "13542    0  (525.5, 691.0]  1997-98     1  \n",
      "\n",
      "[1155 rows x 34 columns]\n"
     ]
    }
   ],
   "source": [
    "# Bin the rankings together\n",
    "nba_stats_df[\"RANK\"] = pd.cut(nba_stats_df[\"RANK\"], 15)\n",
    "nba_stats_df[\"AGE\"] = pd.cut(nba_stats_df[\"AGE\"], 5)\n",
    "nba_stats_df[\"+/-\"] = pd.cut(nba_stats_df[\"+/-\"], 10)\n",
    "print(nba_stats_df)"
   ]
  },
  {
   "cell_type": "code",
   "execution_count": 11,
   "metadata": {},
   "outputs": [
    {
     "name": "stdout",
     "output_type": "stream",
     "text": [
      "                  RANK FIRST NAME           LAST NAME SUFFIX TEAM  \\\n",
      "0      (0.438, 38.467]       Luka              Doncic    NaN  DAL   \n",
      "1      (0.438, 38.467]       Shai  Gilgeous-Alexander    NaN  OKC   \n",
      "2      (0.438, 38.467]    Giannis       Antetokounmpo    NaN  MIL   \n",
      "3      (0.438, 38.467]      Jalen             Brunson    NaN  NYK   \n",
      "4      (0.438, 38.467]     Nikola               Jokic    NaN  DEN   \n",
      "...                ...        ...                 ...    ...  ...   \n",
      "13982  (0.438, 38.467]       Karl              Malone    NaN  UTA   \n",
      "13539  (0.438, 38.467]    Michael              Jordan    NaN  CHI   \n",
      "13540  (0.438, 38.467]    Michael              Jordan    NaN  CHI   \n",
      "13541  (0.438, 38.467]    Michael              Jordan    NaN  CHI   \n",
      "13542  (0.438, 38.467]    Michael              Jordan    NaN  CHI   \n",
      "\n",
      "                AGE  GP   W     L     MIN  ...  TOV  STL  BLK   PF    FP  DD2  \\\n",
      "0      (17.2, 33.4]  70  46  24.0  2624.0  ...  282   99   38  149  4304   49   \n",
      "1      (17.2, 33.4]  75  55  20.0  2552.7  ...  162  150   67  184  3939    8   \n",
      "2      (17.2, 33.4]  73  45  28.0  2567.2  ...  250   87   79  210  4193   57   \n",
      "3      (17.2, 33.4]  77  49  28.0  2726.3  ...  186   70   13  144  3387    9   \n",
      "4      (17.2, 33.4]  79  55  24.0  2736.5  ...  237  108   68  194  4609   68   \n",
      "...             ...  ..  ..   ...     ...  ...  ...  ...  ...  ...   ...  ...   \n",
      "13982  (17.2, 33.4]  82  64  18.0  2997.7  ...  233  113   48  216  4022   43   \n",
      "13539  (33.4, 49.6]  82  62  20.0  3182.4  ...  185  141   45  151  3725    5   \n",
      "13540  (33.4, 49.6]  82  62  20.0  3182.4  ...  185  141   45  151  3725    5   \n",
      "13541  (33.4, 49.6]  82  62  20.0  3182.4  ...  185  141   45  151  3725    5   \n",
      "13542  (33.4, 49.6]  82  62  20.0  3182.4  ...  185  141   45  151  3725    5   \n",
      "\n",
      "       TD3             +/-   SEASON  MVP?  \n",
      "0       21  (194.5, 360.0]  2023-24     0  \n",
      "1        0  (525.5, 691.0]  2023-24     0  \n",
      "2       10  (194.5, 360.0]  2023-24     0  \n",
      "3        0  (360.0, 525.5]  2023-24     0  \n",
      "4       25  (525.5, 691.0]  2023-24     0  \n",
      "...    ...             ...      ...   ...  \n",
      "13982    1  (691.0, 856.5]  1996-97     1  \n",
      "13539    0  (525.5, 691.0]  1997-98     1  \n",
      "13540    0  (525.5, 691.0]  1997-98     1  \n",
      "13541    0  (525.5, 691.0]  1997-98     1  \n",
      "13542    0  (525.5, 691.0]  1997-98     1  \n",
      "\n",
      "[1155 rows x 34 columns]\n"
     ]
    }
   ],
   "source": [
    "# rank_enc = pd.get_dummies(nba_stats_df[\"RANK\"], dtype=float)\n",
    "# nba_stats_df = pd.concat([nba_stats_df, rank_enc], axis=1)\n",
    "\n",
    "# age_enc = pd.get_dummies(nba_stats_df[\"AGE\"], dtype=float)\n",
    "# nba_stats_df = pd.concat([nba_stats_df, age_enc], axis=1)\n",
    "\n",
    "# plus_minus_enc = pd.get_dummies(nba_stats_df[\"+/-\"], dtype=float)\n",
    "# nba_stats_df = pd.concat([nba_stats_df, plus_minus_enc], axis=1)\n",
    "\n",
    "# season_enc = pd.get_dummies(nba_stats_df[\"SEASON\"], dtype=float)\n",
    "# nba_stats_df = pd.concat([nba_stats_df, season_enc], axis=1)\n",
    "\n",
    "# team_enc = pd.get_dummies(nba_stats_df[\"TEAM\"], dtype=float)\n",
    "# nba_stats_df = pd.concat([nba_stats_df, team_enc], axis=1)\n",
    "\n",
    "print(nba_stats_df)\n"
   ]
  },
  {
   "cell_type": "code",
   "execution_count": 12,
   "metadata": {},
   "outputs": [
    {
     "name": "stdout",
     "output_type": "stream",
     "text": [
      "(573, 34)\n",
      "(582, 34)\n"
     ]
    }
   ],
   "source": [
    "current_season_df = nba_stats_df[nba_stats_df[\"SEASON\"] == \"2023-24\"]\n",
    "nba_stats_df = nba_stats_df[nba_stats_df[\"SEASON\"] != \"2023-24\"]\n",
    "print(current_season_df.shape)\n",
    "print(nba_stats_df.shape)"
   ]
  },
  {
   "cell_type": "code",
   "execution_count": 13,
   "metadata": {},
   "outputs": [],
   "source": [
    "# Change season to int\n",
    "seasons_list = nba_stats_df[\"SEASON\"].dropna().unique()\n",
    "season_dict = { None: 1 }\n",
    "for i in range(len(seasons_list)):\n",
    "    season = seasons_list[i]\n",
    "    season_dict[season] = i + 1\n",
    "\n",
    "nba_stats_df = nba_stats_df.replace({ \"SEASON\": season_dict })"
   ]
  },
  {
   "cell_type": "code",
   "execution_count": 14,
   "metadata": {},
   "outputs": [
    {
     "data": {
      "text/html": [
       "<div>\n",
       "<style scoped>\n",
       "    .dataframe tbody tr th:only-of-type {\n",
       "        vertical-align: middle;\n",
       "    }\n",
       "\n",
       "    .dataframe tbody tr th {\n",
       "        vertical-align: top;\n",
       "    }\n",
       "\n",
       "    .dataframe thead th {\n",
       "        text-align: right;\n",
       "    }\n",
       "</style>\n",
       "<table border=\"1\" class=\"dataframe\">\n",
       "  <thead>\n",
       "    <tr style=\"text-align: right;\">\n",
       "      <th></th>\n",
       "      <th>GP</th>\n",
       "      <th>W</th>\n",
       "      <th>L</th>\n",
       "      <th>FG%</th>\n",
       "      <th>3PM</th>\n",
       "      <th>3PA</th>\n",
       "      <th>3P%</th>\n",
       "      <th>FTM</th>\n",
       "      <th>FTA</th>\n",
       "      <th>FT%</th>\n",
       "      <th>AST</th>\n",
       "      <th>TOV</th>\n",
       "      <th>STL</th>\n",
       "      <th>BLK</th>\n",
       "      <th>PF</th>\n",
       "      <th>DD2</th>\n",
       "      <th>TD3</th>\n",
       "      <th>SEASON</th>\n",
       "      <th>MVP?</th>\n",
       "    </tr>\n",
       "  </thead>\n",
       "  <tbody>\n",
       "    <tr>\n",
       "      <th>GP</th>\n",
       "      <td>1.000000</td>\n",
       "      <td>0.480865</td>\n",
       "      <td>-0.496201</td>\n",
       "      <td>0.549216</td>\n",
       "      <td>0.223151</td>\n",
       "      <td>0.227141</td>\n",
       "      <td>-0.359926</td>\n",
       "      <td>0.320825</td>\n",
       "      <td>0.399376</td>\n",
       "      <td>-0.026050</td>\n",
       "      <td>0.321840</td>\n",
       "      <td>0.482444</td>\n",
       "      <td>0.379068</td>\n",
       "      <td>-0.120681</td>\n",
       "      <td>-0.421333</td>\n",
       "      <td>0.200312</td>\n",
       "      <td>-0.292498</td>\n",
       "      <td>0.321293</td>\n",
       "      <td>0.089679</td>\n",
       "    </tr>\n",
       "    <tr>\n",
       "      <th>W</th>\n",
       "      <td>0.480865</td>\n",
       "      <td>1.000000</td>\n",
       "      <td>-0.202932</td>\n",
       "      <td>0.394466</td>\n",
       "      <td>0.144447</td>\n",
       "      <td>0.115109</td>\n",
       "      <td>-0.132610</td>\n",
       "      <td>0.309632</td>\n",
       "      <td>0.343344</td>\n",
       "      <td>0.055988</td>\n",
       "      <td>0.330054</td>\n",
       "      <td>0.310032</td>\n",
       "      <td>0.238913</td>\n",
       "      <td>0.144531</td>\n",
       "      <td>-0.154107</td>\n",
       "      <td>0.304014</td>\n",
       "      <td>-0.202329</td>\n",
       "      <td>0.097405</td>\n",
       "      <td>0.517521</td>\n",
       "    </tr>\n",
       "    <tr>\n",
       "      <th>L</th>\n",
       "      <td>-0.496201</td>\n",
       "      <td>-0.202932</td>\n",
       "      <td>1.000000</td>\n",
       "      <td>-0.775433</td>\n",
       "      <td>-0.183031</td>\n",
       "      <td>-0.199001</td>\n",
       "      <td>0.897584</td>\n",
       "      <td>-0.135812</td>\n",
       "      <td>-0.377162</td>\n",
       "      <td>0.556213</td>\n",
       "      <td>-0.209744</td>\n",
       "      <td>-0.334016</td>\n",
       "      <td>-0.166242</td>\n",
       "      <td>0.397559</td>\n",
       "      <td>0.981209</td>\n",
       "      <td>-0.197188</td>\n",
       "      <td>0.706562</td>\n",
       "      <td>-0.250278</td>\n",
       "      <td>-0.104226</td>\n",
       "    </tr>\n",
       "    <tr>\n",
       "      <th>FG%</th>\n",
       "      <td>0.549216</td>\n",
       "      <td>0.394466</td>\n",
       "      <td>-0.775433</td>\n",
       "      <td>1.000000</td>\n",
       "      <td>-0.002785</td>\n",
       "      <td>-0.007499</td>\n",
       "      <td>-0.710164</td>\n",
       "      <td>0.225937</td>\n",
       "      <td>0.463570</td>\n",
       "      <td>-0.323836</td>\n",
       "      <td>0.185933</td>\n",
       "      <td>0.362880</td>\n",
       "      <td>0.084331</td>\n",
       "      <td>-0.065635</td>\n",
       "      <td>-0.722247</td>\n",
       "      <td>0.455219</td>\n",
       "      <td>-0.559917</td>\n",
       "      <td>0.184194</td>\n",
       "      <td>0.262037</td>\n",
       "    </tr>\n",
       "    <tr>\n",
       "      <th>3PM</th>\n",
       "      <td>0.223151</td>\n",
       "      <td>0.144447</td>\n",
       "      <td>-0.183031</td>\n",
       "      <td>-0.002785</td>\n",
       "      <td>1.000000</td>\n",
       "      <td>0.986214</td>\n",
       "      <td>0.090035</td>\n",
       "      <td>0.070140</td>\n",
       "      <td>-0.041625</td>\n",
       "      <td>0.249595</td>\n",
       "      <td>0.418283</td>\n",
       "      <td>0.288048</td>\n",
       "      <td>0.328379</td>\n",
       "      <td>-0.508082</td>\n",
       "      <td>-0.218756</td>\n",
       "      <td>-0.292625</td>\n",
       "      <td>-0.115123</td>\n",
       "      <td>-0.336964</td>\n",
       "      <td>0.021333</td>\n",
       "    </tr>\n",
       "    <tr>\n",
       "      <th>3PA</th>\n",
       "      <td>0.227141</td>\n",
       "      <td>0.115109</td>\n",
       "      <td>-0.199001</td>\n",
       "      <td>-0.007499</td>\n",
       "      <td>0.986214</td>\n",
       "      <td>1.000000</td>\n",
       "      <td>0.067903</td>\n",
       "      <td>0.120044</td>\n",
       "      <td>0.013228</td>\n",
       "      <td>0.225037</td>\n",
       "      <td>0.449616</td>\n",
       "      <td>0.338562</td>\n",
       "      <td>0.360520</td>\n",
       "      <td>-0.528464</td>\n",
       "      <td>-0.235235</td>\n",
       "      <td>-0.290432</td>\n",
       "      <td>-0.120531</td>\n",
       "      <td>-0.351941</td>\n",
       "      <td>0.007210</td>\n",
       "    </tr>\n",
       "    <tr>\n",
       "      <th>3P%</th>\n",
       "      <td>-0.359926</td>\n",
       "      <td>-0.132610</td>\n",
       "      <td>0.897584</td>\n",
       "      <td>-0.710164</td>\n",
       "      <td>0.090035</td>\n",
       "      <td>0.067903</td>\n",
       "      <td>1.000000</td>\n",
       "      <td>-0.108836</td>\n",
       "      <td>-0.404973</td>\n",
       "      <td>0.691919</td>\n",
       "      <td>-0.044118</td>\n",
       "      <td>-0.249720</td>\n",
       "      <td>-0.034494</td>\n",
       "      <td>0.191349</td>\n",
       "      <td>0.870574</td>\n",
       "      <td>-0.294072</td>\n",
       "      <td>0.663389</td>\n",
       "      <td>-0.330715</td>\n",
       "      <td>-0.095928</td>\n",
       "    </tr>\n",
       "    <tr>\n",
       "      <th>FTM</th>\n",
       "      <td>0.320825</td>\n",
       "      <td>0.309632</td>\n",
       "      <td>-0.135812</td>\n",
       "      <td>0.225937</td>\n",
       "      <td>0.070140</td>\n",
       "      <td>0.120044</td>\n",
       "      <td>-0.108836</td>\n",
       "      <td>1.000000</td>\n",
       "      <td>0.911642</td>\n",
       "      <td>0.113702</td>\n",
       "      <td>0.214334</td>\n",
       "      <td>0.558283</td>\n",
       "      <td>0.284370</td>\n",
       "      <td>0.092604</td>\n",
       "      <td>-0.094269</td>\n",
       "      <td>0.173584</td>\n",
       "      <td>-0.076201</td>\n",
       "      <td>0.021982</td>\n",
       "      <td>0.284389</td>\n",
       "    </tr>\n",
       "    <tr>\n",
       "      <th>FTA</th>\n",
       "      <td>0.399376</td>\n",
       "      <td>0.343344</td>\n",
       "      <td>-0.377162</td>\n",
       "      <td>0.463570</td>\n",
       "      <td>-0.041625</td>\n",
       "      <td>0.013228</td>\n",
       "      <td>-0.404973</td>\n",
       "      <td>0.911642</td>\n",
       "      <td>1.000000</td>\n",
       "      <td>-0.225582</td>\n",
       "      <td>0.184719</td>\n",
       "      <td>0.591612</td>\n",
       "      <td>0.248151</td>\n",
       "      <td>0.135000</td>\n",
       "      <td>-0.318313</td>\n",
       "      <td>0.323345</td>\n",
       "      <td>-0.245213</td>\n",
       "      <td>0.158884</td>\n",
       "      <td>0.290650</td>\n",
       "    </tr>\n",
       "    <tr>\n",
       "      <th>FT%</th>\n",
       "      <td>-0.026050</td>\n",
       "      <td>0.055988</td>\n",
       "      <td>0.556213</td>\n",
       "      <td>-0.323836</td>\n",
       "      <td>0.249595</td>\n",
       "      <td>0.225037</td>\n",
       "      <td>0.691919</td>\n",
       "      <td>0.113702</td>\n",
       "      <td>-0.225582</td>\n",
       "      <td>1.000000</td>\n",
       "      <td>0.099253</td>\n",
       "      <td>-0.038436</td>\n",
       "      <td>0.087554</td>\n",
       "      <td>-0.006547</td>\n",
       "      <td>0.533409</td>\n",
       "      <td>-0.257848</td>\n",
       "      <td>0.256840</td>\n",
       "      <td>-0.218210</td>\n",
       "      <td>-0.011862</td>\n",
       "    </tr>\n",
       "    <tr>\n",
       "      <th>AST</th>\n",
       "      <td>0.321840</td>\n",
       "      <td>0.330054</td>\n",
       "      <td>-0.209744</td>\n",
       "      <td>0.185933</td>\n",
       "      <td>0.418283</td>\n",
       "      <td>0.449616</td>\n",
       "      <td>-0.044118</td>\n",
       "      <td>0.214334</td>\n",
       "      <td>0.184719</td>\n",
       "      <td>0.099253</td>\n",
       "      <td>1.000000</td>\n",
       "      <td>0.680679</td>\n",
       "      <td>0.468793</td>\n",
       "      <td>-0.363363</td>\n",
       "      <td>-0.238434</td>\n",
       "      <td>0.211367</td>\n",
       "      <td>-0.092944</td>\n",
       "      <td>-0.133436</td>\n",
       "      <td>0.349559</td>\n",
       "    </tr>\n",
       "    <tr>\n",
       "      <th>TOV</th>\n",
       "      <td>0.482444</td>\n",
       "      <td>0.310032</td>\n",
       "      <td>-0.334016</td>\n",
       "      <td>0.362880</td>\n",
       "      <td>0.288048</td>\n",
       "      <td>0.338562</td>\n",
       "      <td>-0.249720</td>\n",
       "      <td>0.558283</td>\n",
       "      <td>0.591612</td>\n",
       "      <td>-0.038436</td>\n",
       "      <td>0.680679</td>\n",
       "      <td>1.000000</td>\n",
       "      <td>0.444225</td>\n",
       "      <td>-0.127953</td>\n",
       "      <td>-0.293148</td>\n",
       "      <td>0.332455</td>\n",
       "      <td>-0.195270</td>\n",
       "      <td>0.028118</td>\n",
       "      <td>0.307390</td>\n",
       "    </tr>\n",
       "    <tr>\n",
       "      <th>STL</th>\n",
       "      <td>0.379068</td>\n",
       "      <td>0.238913</td>\n",
       "      <td>-0.166242</td>\n",
       "      <td>0.084331</td>\n",
       "      <td>0.328379</td>\n",
       "      <td>0.360520</td>\n",
       "      <td>-0.034494</td>\n",
       "      <td>0.284370</td>\n",
       "      <td>0.248151</td>\n",
       "      <td>0.087554</td>\n",
       "      <td>0.468793</td>\n",
       "      <td>0.444225</td>\n",
       "      <td>1.000000</td>\n",
       "      <td>-0.288895</td>\n",
       "      <td>-0.156694</td>\n",
       "      <td>-0.070091</td>\n",
       "      <td>-0.107241</td>\n",
       "      <td>0.159115</td>\n",
       "      <td>0.126387</td>\n",
       "    </tr>\n",
       "    <tr>\n",
       "      <th>BLK</th>\n",
       "      <td>-0.120681</td>\n",
       "      <td>0.144531</td>\n",
       "      <td>0.397559</td>\n",
       "      <td>-0.065635</td>\n",
       "      <td>-0.508082</td>\n",
       "      <td>-0.528464</td>\n",
       "      <td>0.191349</td>\n",
       "      <td>0.092604</td>\n",
       "      <td>0.135000</td>\n",
       "      <td>-0.006547</td>\n",
       "      <td>-0.363363</td>\n",
       "      <td>-0.127953</td>\n",
       "      <td>-0.288895</td>\n",
       "      <td>1.000000</td>\n",
       "      <td>0.461906</td>\n",
       "      <td>0.460521</td>\n",
       "      <td>0.259879</td>\n",
       "      <td>0.059868</td>\n",
       "      <td>0.117807</td>\n",
       "    </tr>\n",
       "    <tr>\n",
       "      <th>PF</th>\n",
       "      <td>-0.421333</td>\n",
       "      <td>-0.154107</td>\n",
       "      <td>0.981209</td>\n",
       "      <td>-0.722247</td>\n",
       "      <td>-0.218756</td>\n",
       "      <td>-0.235235</td>\n",
       "      <td>0.870574</td>\n",
       "      <td>-0.094269</td>\n",
       "      <td>-0.318313</td>\n",
       "      <td>0.533409</td>\n",
       "      <td>-0.238434</td>\n",
       "      <td>-0.293148</td>\n",
       "      <td>-0.156694</td>\n",
       "      <td>0.461906</td>\n",
       "      <td>1.000000</td>\n",
       "      <td>-0.130276</td>\n",
       "      <td>0.698558</td>\n",
       "      <td>-0.208318</td>\n",
       "      <td>-0.105551</td>\n",
       "    </tr>\n",
       "    <tr>\n",
       "      <th>DD2</th>\n",
       "      <td>0.200312</td>\n",
       "      <td>0.304014</td>\n",
       "      <td>-0.197188</td>\n",
       "      <td>0.455219</td>\n",
       "      <td>-0.292625</td>\n",
       "      <td>-0.290432</td>\n",
       "      <td>-0.294072</td>\n",
       "      <td>0.173584</td>\n",
       "      <td>0.323345</td>\n",
       "      <td>-0.257848</td>\n",
       "      <td>0.211367</td>\n",
       "      <td>0.332455</td>\n",
       "      <td>-0.070091</td>\n",
       "      <td>0.460521</td>\n",
       "      <td>-0.130276</td>\n",
       "      <td>1.000000</td>\n",
       "      <td>-0.082408</td>\n",
       "      <td>0.021646</td>\n",
       "      <td>0.400701</td>\n",
       "    </tr>\n",
       "    <tr>\n",
       "      <th>TD3</th>\n",
       "      <td>-0.292498</td>\n",
       "      <td>-0.202329</td>\n",
       "      <td>0.706562</td>\n",
       "      <td>-0.559917</td>\n",
       "      <td>-0.115123</td>\n",
       "      <td>-0.120531</td>\n",
       "      <td>0.663389</td>\n",
       "      <td>-0.076201</td>\n",
       "      <td>-0.245213</td>\n",
       "      <td>0.256840</td>\n",
       "      <td>-0.092944</td>\n",
       "      <td>-0.195270</td>\n",
       "      <td>-0.107241</td>\n",
       "      <td>0.259879</td>\n",
       "      <td>0.698558</td>\n",
       "      <td>-0.082408</td>\n",
       "      <td>1.000000</td>\n",
       "      <td>-0.228987</td>\n",
       "      <td>-0.019448</td>\n",
       "    </tr>\n",
       "    <tr>\n",
       "      <th>SEASON</th>\n",
       "      <td>0.321293</td>\n",
       "      <td>0.097405</td>\n",
       "      <td>-0.250278</td>\n",
       "      <td>0.184194</td>\n",
       "      <td>-0.336964</td>\n",
       "      <td>-0.351941</td>\n",
       "      <td>-0.330715</td>\n",
       "      <td>0.021982</td>\n",
       "      <td>0.158884</td>\n",
       "      <td>-0.218210</td>\n",
       "      <td>-0.133436</td>\n",
       "      <td>0.028118</td>\n",
       "      <td>0.159115</td>\n",
       "      <td>0.059868</td>\n",
       "      <td>-0.208318</td>\n",
       "      <td>0.021646</td>\n",
       "      <td>-0.228987</td>\n",
       "      <td>1.000000</td>\n",
       "      <td>-0.003520</td>\n",
       "    </tr>\n",
       "    <tr>\n",
       "      <th>MVP?</th>\n",
       "      <td>0.089679</td>\n",
       "      <td>0.517521</td>\n",
       "      <td>-0.104226</td>\n",
       "      <td>0.262037</td>\n",
       "      <td>0.021333</td>\n",
       "      <td>0.007210</td>\n",
       "      <td>-0.095928</td>\n",
       "      <td>0.284389</td>\n",
       "      <td>0.290650</td>\n",
       "      <td>-0.011862</td>\n",
       "      <td>0.349559</td>\n",
       "      <td>0.307390</td>\n",
       "      <td>0.126387</td>\n",
       "      <td>0.117807</td>\n",
       "      <td>-0.105551</td>\n",
       "      <td>0.400701</td>\n",
       "      <td>-0.019448</td>\n",
       "      <td>-0.003520</td>\n",
       "      <td>1.000000</td>\n",
       "    </tr>\n",
       "  </tbody>\n",
       "</table>\n",
       "</div>"
      ],
      "text/plain": [
       "              GP         W         L       FG%       3PM       3PA       3P%  \\\n",
       "GP      1.000000  0.480865 -0.496201  0.549216  0.223151  0.227141 -0.359926   \n",
       "W       0.480865  1.000000 -0.202932  0.394466  0.144447  0.115109 -0.132610   \n",
       "L      -0.496201 -0.202932  1.000000 -0.775433 -0.183031 -0.199001  0.897584   \n",
       "FG%     0.549216  0.394466 -0.775433  1.000000 -0.002785 -0.007499 -0.710164   \n",
       "3PM     0.223151  0.144447 -0.183031 -0.002785  1.000000  0.986214  0.090035   \n",
       "3PA     0.227141  0.115109 -0.199001 -0.007499  0.986214  1.000000  0.067903   \n",
       "3P%    -0.359926 -0.132610  0.897584 -0.710164  0.090035  0.067903  1.000000   \n",
       "FTM     0.320825  0.309632 -0.135812  0.225937  0.070140  0.120044 -0.108836   \n",
       "FTA     0.399376  0.343344 -0.377162  0.463570 -0.041625  0.013228 -0.404973   \n",
       "FT%    -0.026050  0.055988  0.556213 -0.323836  0.249595  0.225037  0.691919   \n",
       "AST     0.321840  0.330054 -0.209744  0.185933  0.418283  0.449616 -0.044118   \n",
       "TOV     0.482444  0.310032 -0.334016  0.362880  0.288048  0.338562 -0.249720   \n",
       "STL     0.379068  0.238913 -0.166242  0.084331  0.328379  0.360520 -0.034494   \n",
       "BLK    -0.120681  0.144531  0.397559 -0.065635 -0.508082 -0.528464  0.191349   \n",
       "PF     -0.421333 -0.154107  0.981209 -0.722247 -0.218756 -0.235235  0.870574   \n",
       "DD2     0.200312  0.304014 -0.197188  0.455219 -0.292625 -0.290432 -0.294072   \n",
       "TD3    -0.292498 -0.202329  0.706562 -0.559917 -0.115123 -0.120531  0.663389   \n",
       "SEASON  0.321293  0.097405 -0.250278  0.184194 -0.336964 -0.351941 -0.330715   \n",
       "MVP?    0.089679  0.517521 -0.104226  0.262037  0.021333  0.007210 -0.095928   \n",
       "\n",
       "             FTM       FTA       FT%       AST       TOV       STL       BLK  \\\n",
       "GP      0.320825  0.399376 -0.026050  0.321840  0.482444  0.379068 -0.120681   \n",
       "W       0.309632  0.343344  0.055988  0.330054  0.310032  0.238913  0.144531   \n",
       "L      -0.135812 -0.377162  0.556213 -0.209744 -0.334016 -0.166242  0.397559   \n",
       "FG%     0.225937  0.463570 -0.323836  0.185933  0.362880  0.084331 -0.065635   \n",
       "3PM     0.070140 -0.041625  0.249595  0.418283  0.288048  0.328379 -0.508082   \n",
       "3PA     0.120044  0.013228  0.225037  0.449616  0.338562  0.360520 -0.528464   \n",
       "3P%    -0.108836 -0.404973  0.691919 -0.044118 -0.249720 -0.034494  0.191349   \n",
       "FTM     1.000000  0.911642  0.113702  0.214334  0.558283  0.284370  0.092604   \n",
       "FTA     0.911642  1.000000 -0.225582  0.184719  0.591612  0.248151  0.135000   \n",
       "FT%     0.113702 -0.225582  1.000000  0.099253 -0.038436  0.087554 -0.006547   \n",
       "AST     0.214334  0.184719  0.099253  1.000000  0.680679  0.468793 -0.363363   \n",
       "TOV     0.558283  0.591612 -0.038436  0.680679  1.000000  0.444225 -0.127953   \n",
       "STL     0.284370  0.248151  0.087554  0.468793  0.444225  1.000000 -0.288895   \n",
       "BLK     0.092604  0.135000 -0.006547 -0.363363 -0.127953 -0.288895  1.000000   \n",
       "PF     -0.094269 -0.318313  0.533409 -0.238434 -0.293148 -0.156694  0.461906   \n",
       "DD2     0.173584  0.323345 -0.257848  0.211367  0.332455 -0.070091  0.460521   \n",
       "TD3    -0.076201 -0.245213  0.256840 -0.092944 -0.195270 -0.107241  0.259879   \n",
       "SEASON  0.021982  0.158884 -0.218210 -0.133436  0.028118  0.159115  0.059868   \n",
       "MVP?    0.284389  0.290650 -0.011862  0.349559  0.307390  0.126387  0.117807   \n",
       "\n",
       "              PF       DD2       TD3    SEASON      MVP?  \n",
       "GP     -0.421333  0.200312 -0.292498  0.321293  0.089679  \n",
